S	5	0	11	1870396194	23793680
S	6	1	11	1387545953	23794720
S	7	2	10	295637709	23795760
S	8	3	11	2107526080	23796800
S	9	4	11	1411738834	23797840
G	-1	0	
G	-1	0	
G	-1	0	
G	-1	0	
G	-1	0	
S	0	0	10	314092404	29569040
S	1	1	10	348069918	29570080
S	2	2	11	2054202489	29571120
S	3	3	10	747071421	29572160
S	4	4	10	278752480	29573200
G	-1	0	
G	-1	0	
G	-1	0	
G	-1	0	
G	-1	0	
S	0	0	11	1249946322	13496336
S	1	1	11	1859032637	13497376
S	2	2	11	1605513894	13498416
S	3	3	11	1423825038	13499456
S	4	4	11	1153531813	13500496
G	-1	0	
G	-1	0	
G	-1	0	
G	-1	0	
G	-1	0	
