S	0	0	11	2088359417	1156918720
S	1	1	10	766812133	1156918720
S	2	2	10	958002428	1156918720
S	3	3	10	824151969	1156918720
S	4	4	11	2050346894	1156918720
S	5	5	10	807179539	1156918720
S	6	6	10	971552558	1156918720
S	7	7	10	308822948	1156918720
S	8	8	10	339841483	1156918720
S	9	9	11	1209232341	1156918720
S	10	10	11	1052792909	1156918720
S	11	11	11	1874717574	1156918720
S	12	12	10	550043940	1156918720
S	13	13	10	322554538	1156918720
S	14	14	10	951288365	1156918720
S	15	15	11	1452590476	1156918720
S	16	16	11	1970372929	1156918720
S	17	17	10	739603019	1156918720
S	18	18	11	1167967368	1156918720
S	19	19	10	950146475	1156918720
S	20	20	10	178091966	1156918720
S	21	21	10	912257315	1156918720
S	22	22	11	1978050681	1156918720
S	23	23	10	415025302	1156918720
S	24	24	11	1410392487	1156918720
S	25	25	10	970928007	1156918720
S	26	26	11	1812861246	1156918720
S	27	27	10	968562835	1156918720
S	28	28	10	649892552	1156918720
S	29	29	11	2141532437	1156918720
S	30	30	10	714456810	1156918720
S	31	31	10	590768321	1156918720
S	32	32	10	760860922	1156918720
S	33	33	11	1672459238	1156918720
S	34	34	11	1414920291	1156918720
S	35	35	10	663724169	1156918720
S	36	36	10	332155130	1156918720
S	37	37	10	238989201	1156918720
S	38	38	10	972547117	1156918720
S	39	39	10	671996613	1156918720
S	40	40	11	1448221542	1156918720
S	41	41	11	2025340026	1156918720
S	42	42	10	399230539	1156918720
S	43	43	11	1998265482	1156918720
S	44	44	10	200410916	1156918720
S	45	45	11	1350518904	1156918720
S	46	46	11	1303372310	1156918720
S	47	47	9	23300197	1156918720
S	48	48	11	2090121923	1156918720
S	49	49	10	323856031	1156918720
S	50	50	10	973446672	1156918720
S	51	51	10	120730241	1156918720
S	52	52	11	1236113346	1156918720
S	53	53	10	804013705	1156918720
S	54	54	10	535755543	1156918720
S	55	55	10	499022185	1156918720
S	56	56	11	1774941713	1156918720
S	57	57	10	201133142	1156918720
S	58	58	11	1467585021	1156918720
S	59	59	10	277350617	1156918720
S	60	60	10	195181931	1156918720
S	61	61	9	34558183	1156918720
S	62	62	10	868118938	1156918720
S	63	63	10	956042853	1156918720
S	64	64	11	1707017422	1156918720
S	65	65	10	135555581	1156918720
S	66	66	11	1619767022	1156918720
S	67	67	11	2039172552	1156918720
S	68	68	10	374544782	1156918720
S	69	69	10	444830492	1156918720
S	70	70	10	563685517	1156918720
S	71	71	11	1822766324	1156918720
S	72	72	10	322686870	1156918720
S	73	73	10	962916056	1156918720
S	74	74	11	1673548158	1156918720
S	75	75	10	523097787	1156918720
S	76	76	10	165951312	1156918720
S	77	77	10	829436821	1156918720
S	78	78	10	546397984	1156918720
S	79	79	10	108589587	1156918720
S	80	80	11	1153292852	1156918720
S	81	81	11	1519844657	1156918720
S	82	82	10	229319828	1156918720
S	83	83	10	241922550	1156918720
S	84	84	10	176374714	1156918720
S	85	85	10	765075372	1156918720
S	86	86	10	740944736	1156918720
S	87	87	11	1951316427	1156918720
S	88	88	10	966208514	1156918720
S	89	89	9	61046109	1156918720
S	90	90	9	81183396	1156918720
S	91	91	11	1161390445	1156918720
S	92	92	9	95604292	1156918720
S	93	93	10	949302335	1156918720
S	94	94	11	2117433298	1156918720
S	95	95	11	1802621714	1156918720
S	96	96	11	1084857916	1156918720
S	97	97	11	1589716673	1156918720
S	98	98	11	1694310618	1156918720
S	99	99	11	1459402699	1156918720
S	100	100	11	2034547165	1156918720
S	101	101	10	110512487	1156918720
S	102	102	11	1134685375	1156918720
S	103	103	10	209750387	1156918720
S	104	104	11	1073428543	1156918720
S	105	105	10	660749886	1156918720
S	106	106	10	732848174	1156918720
S	107	107	11	1239379855	1156918720
S	108	108	11	1490186707	1156918720
S	109	109	11	1279246159	1156918720
S	110	110	11	1347969442	1156918720
S	111	111	10	495995911	1156918720
S	112	112	10	651607168	1156918720
S	113	113	11	1577289271	1156918720
S	114	114	10	737918461	1156918720
S	115	115	10	827981882	1156918720
S	116	116	10	194880995	1156918720
S	117	117	11	1478863197	1156918720
S	118	118	10	631814662	1156918720
S	119	119	11	1161089509	1156918720
S	120	120	11	1539909306	1156918720
S	121	121	10	712998058	1156918720
S	122	122	10	174996306	1156918720
S	123	123	11	1635513599	1156918720
S	124	124	11	1662300393	1156918720
S	125	125	10	144945956	1156918720
S	126	126	11	1290651665	1156918720
S	127	127	10	599674662	1156918720
S	128	128	11	1734662629	1156918720
S	129	129	10	837478636	1156918720
S	130	130	11	2059077361	1156918720
S	131	131	11	1621726146	1156918720
S	132	132	10	947991123	1156918720
S	133	133	11	1046279088	1156918720
S	134	134	11	1831476534	1156918720
S	135	135	11	2021419667	1156918720
S	136	136	11	1707028974	1156918720
S	137	137	10	416841060	1156918720
S	138	138	11	1113315874	1156918720
S	139	139	11	1049732033	1156918720
S	140	140	11	1696087219	1156918720
S	141	141	10	313801669	1156918720
S	142	142	11	1545727944	1156918720
S	143	143	10	200210739	1156918720
S	144	144	11	1891090940	1156918720
S	145	145	10	136162758	1156918720
S	146	146	11	1028192622	1156918720
S	147	147	11	2085971935	1156918720
S	148	148	11	1615025955	1156918720
S	149	149	11	1660007284	1156918720
S	150	150	11	1099577796	1156918720
S	151	151	11	1007451614	1156918720
S	152	152	10	225521694	1156918720
S	153	153	11	1274574102	1156918720
S	154	154	10	495481565	1156918720
S	155	155	11	1887822088	1156918720
S	156	156	11	1419520058	1156918720
S	157	157	11	1786133230	1156918720
S	158	158	10	340013102	1156918720
S	159	159	11	1006699040	1156918720
S	160	160	10	476128218	1156918720
S	161	161	10	251606815	1156918720
S	162	162	10	480941538	1156918720
S	163	163	11	1424119342	1156918720
S	164	164	11	1297885903	1156918720
S	165	165	10	164934424	1156918720
S	166	166	11	1298055361	1156918720
S	167	167	10	857431230	1156918720
S	168	168	10	581775485	1156918720
S	169	169	10	263887587	1156918720
S	170	170	11	1907163263	1156918720
S	171	171	10	130379056	1156918720
S	172	172	10	577689256	1156918720
S	173	173	11	1305407560	1156918720
S	174	174	10	330589796	1156918720
S	175	175	10	321296548	1156918720
S	176	176	11	1441570318	1156918720
S	177	177	11	1358782418	1156918720
S	178	178	10	259784835	1156918720
S	179	179	10	909112625	1156918720
S	180	180	10	871306054	1156918720
S	181	181	11	1359362631	1156918720
S	182	182	11	1916564239	1156918720
S	183	183	11	1096827748	1156918720
S	184	184	10	486453085	1156918720
S	185	185	10	264562156	1156918720
S	186	186	10	837166188	1156918720
S	187	187	11	1905973144	1156918720
S	188	188	11	2050695387	1156918720
S	189	189	11	1177179290	1156918720
S	190	190	10	765188536	1156918720
S	191	191	10	379339957	1156918720
S	192	192	11	1428786105	1156918720
S	193	193	11	1246130074	1156918720
S	194	194	11	1803459299	1156918720
S	195	195	10	579188361	1156918720
S	196	196	11	1411064499	1156918720
S	197	197	10	954031012	1156918720
S	198	198	11	1436619591	1156918720
S	199	199	11	1992839984	1156918720
S	200	200	11	1217918600	1156918720
S	201	201	11	1196299206	1156918720
S	202	202	11	2123219040	1156918720
S	203	203	11	1795607856	1156918720
S	204	204	10	354223118	1156918720
S	205	205	10	306325188	1156918720
S	206	206	11	2116904405	1156918720
S	207	207	11	1795793436	1156918720
S	208	208	11	1665107606	1156918720
S	209	209	10	229205592	1156918720
S	210	210	10	557422414	1156918720
S	211	211	10	388930012	1156918720
S	212	212	11	1588568224	1156918720
S	213	213	10	326503005	1156918720
S	214	214	11	1485757761	1156918720
S	215	215	11	2075021309	1156918720
S	216	216	10	591065162	1156918720
S	217	217	10	175440301	1156918720
S	218	218	11	1833510805	1156918720
S	219	219	10	494276901	1156918720
S	220	220	11	1352619592	1156918720
S	221	221	10	451215693	1156918720
S	222	222	10	873616858	1156918720
S	223	223	10	633922049	1156918720
S	224	224	11	1697345768	1156918720
S	225	225	10	529592510	1156918720
S	226	226	11	1213110410	1156918720
S	227	227	10	960926619	1156918720
S	228	228	11	1483623522	1156918720
S	229	229	10	502246353	1156918720
S	230	230	10	806282955	1156918720
S	231	231	10	554058474	1156918720
S	232	232	11	1698545560	1156918720
S	233	233	10	782018347	1156918720
S	234	234	10	202182683	1156918720
S	235	235	11	2052768678	1156918720
S	236	236	11	1088343536	1156918720
S	237	237	10	171603440	1156918720
S	238	238	11	1701078467	1156918720
S	239	239	10	605967494	1156918720
S	240	240	10	400809032	1156918720
S	241	241	10	111017233	1156918720
S	242	242	10	994897507	1156918720
S	243	243	11	1989377256	1156918720
S	244	244	10	437520238	1156918720
S	245	245	10	333171620	1156918720
S	246	246	11	1916914918	1156918720
S	247	247	11	1028585400	1156918720
S	248	248	10	508611921	1156918720
S	249	249	11	1602942075	1156918720
S	250	250	11	1522862301	1156918720
S	251	251	11	1861231513	1156918720
S	252	252	11	2054157769	1156918720
S	253	253	10	248995512	1156918720
S	254	254	10	347669915	1156918720
S	255	255	11	1604019889	1156918720
S	256	256	10	778588022	1156918720
S	257	257	11	1560780325	1156918720
S	258	258	10	417462860	1156918720
S	259	259	10	114727896	1156918720
S	260	260	11	2063026679	1156918720
S	261	261	11	1223745815	1156918720
S	262	262	10	668786371	1156918720
S	263	263	11	1614088591	1156918720
S	264	264	11	2005764162	1156918720
S	265	265	10	870969054	1156918720
S	266	266	11	1519373621	1156918720
S	267	267	10	946624050	1156918720
S	268	268	11	1042572494	1156918720
S	269	269	11	1072968440	1156918720
S	270	270	11	1552591545	1156918720
S	271	271	11	1443381526	1156918720
S	272	272	11	1183985673	1156918720
S	273	273	10	400005404	1156918720
S	274	274	11	1285275135	1156918720
S	275	275	11	1621505912	1156918720
S	276	276	10	733177024	1156918720
S	277	277	11	1054706405	1156918720
S	278	278	10	502607664	1156918720
S	279	279	11	1241788945	1156918720
S	280	280	10	510164832	1156918720
S	281	281	11	2025469966	1156918720
S	282	282	10	955536811	1156918720
S	283	283	10	416838953	1156918720
S	284	284	10	126981830	1156918720
S	285	285	11	1303206726	1156918720
S	286	286	11	2020858842	1156918720
S	287	287	10	905569852	1156918720
S	288	288	10	716503403	1156918720
S	289	289	10	290838054	1156918720
S	290	290	11	1020297748	1156918720
S	291	291	10	632046434	1156918720
S	292	292	11	1514583869	1156918720
S	293	293	11	1689084119	1156918720
S	294	294	9	98651377	1156918720
S	295	295	11	1372864384	1156918720
S	296	296	10	412569525	1156918720
S	297	297	11	1618024999	1156918720
S	298	298	10	172004786	1156918720
S	299	299	11	1455142019	1156918720
S	300	300	10	543509791	1156918720
S	301	301	11	1724596331	1156918720
S	302	302	10	751039898	1156918720
S	303	303	11	1727495465	1156918720
S	304	304	11	2124601735	1156918720
S	305	305	11	2036315033	1156918720
S	306	306	11	1201517729	1156918720
S	307	307	10	710295111	1156918720
S	308	308	10	943537790	1156918720
S	309	309	11	1704125393	1156918720
S	310	310	11	1952084057	1156918720
S	311	311	11	1453702622	1156918720
S	312	312	11	1582111711	1156918720
S	313	313	10	760137220	1156918720
S	314	314	11	1870541576	1156918720
S	315	315	11	1709093541	1156918720
S	316	316	11	2063343946	1156918720
S	317	317	11	1743916770	1156918720
S	318	318	10	467179745	1156918720
S	319	319	10	632363701	1156918720
S	320	320	11	2034754825	1156918720
S	321	321	11	1487477494	1156918720
S	322	322	11	1264410136	1156918720
S	323	323	11	1401855046	1156918720
S	324	324	11	1029077965	1156918720
S	325	325	11	1363061513	1156918720
S	326	326	10	627235782	1156918720
S	327	327	11	1441647491	1156918720
S	328	328	10	833602864	1156918720
S	329	329	10	799240569	1156918720
S	330	330	10	749305862	1156918720
S	331	331	11	1377112656	1156918720
S	332	332	10	376353252	1156918720
S	333	333	11	1500345760	1156918720
S	334	334	10	957124473	1156918720
S	335	335	10	353471340	1156918720
S	336	336	11	1389177145	1156918720
S	337	337	9	11158554	1156918720
S	338	338	11	1063766451	1156918720
S	339	339	10	185231287	1156918720
S	340	340	11	1715283947	1156918720
S	341	341	10	868366860	1156918720
S	342	342	11	1638933910	1156918720
S	343	343	11	1149912011	1156918720
S	344	344	11	1628504080	1156918720
S	345	345	11	1361991838	1156918720
S	346	346	10	711521904	1156918720
S	347	347	11	1544364378	1156918720
S	348	348	10	958424960	1156918720
S	349	349	11	1178701650	1156918720
S	350	350	9	29244432	1156918720
S	351	351	10	845696137	1156918720
S	352	352	10	518695496	1156918720
S	353	353	11	1293654568	1156918720
S	354	354	10	100067536	1156918720
S	355	355	11	1547773461	1156918720
S	356	356	10	509232433	1156918720
S	357	357	10	727303318	1156918720
S	358	358	10	841937304	1156918720
S	359	359	11	1342835298	1156918720
S	360	360	11	1526543887	1156918720
S	361	361	11	1591243167	1156918720
S	362	362	10	572464306	1156918720
S	363	363	11	1902897140	1156918720
S	364	364	10	944105279	1156918720
S	365	365	11	1529588779	1156918720
S	366	366	10	108884832	1156918720
S	367	367	10	185798777	1156918720
S	368	368	11	1540747333	1156918720
S	369	369	11	1172651283	1156918720
S	370	370	10	371030064	1156918720
S	371	371	11	1108547632	1156918720
S	372	372	11	2041018144	1156918720
S	373	373	11	2009963974	1156918720
S	374	374	10	110975995	1156918720
S	375	375	11	1522038576	1156918720
S	376	376	11	1224472164	1156918720
S	377	377	10	822497900	1156918720
S	378	378	10	918919307	1156918720
S	379	379	9	35413477	1156918720
S	380	380	11	2001199550	1156918720
S	381	381	10	948163739	1156918720
S	382	382	10	881109614	1156918720
S	383	383	10	372411398	1156918720
S	384	384	9	94334659	1156918720
S	385	385	10	981177150	1156918720
S	386	386	11	1920184859	1156918720
S	387	387	10	603567092	1156918720
S	388	388	11	1708480469	1156918720
S	389	389	10	614638516	1156918720
S	390	390	11	1946402390	1156918720
S	391	391	11	1087540708	1156918720
S	392	392	9	58398035	1156918720
S	393	393	10	371383048	1156918720
S	394	394	10	842954200	1156918720
S	395	395	11	1002503314	1156918720
S	396	396	11	1900971827	1156918720
S	397	397	10	951839032	1156918720
S	398	398	11	1188302091	1156918720
S	399	399	11	1294235512	1156918720
S	400	400	11	2124490316	1156918720
S	401	401	11	1559332156	1156918720
S	402	402	10	255299497	1156918720
S	403	403	11	2018024812	1156918720
S	404	404	11	1421812482	1156918720
S	405	405	10	366275492	1156918720
S	406	406	11	1392579740	1156918720
S	407	407	10	498800999	1156918720
S	408	408	11	1188773392	1156918720
S	409	409	10	164015399	1156918720
S	410	410	10	534214476	1156918720
S	411	411	11	1042489294	1156918720
S	412	412	11	1112179138	1156918720
S	413	413	11	1415324090	1156918720
S	414	414	11	1414900692	1156918720
S	415	415	11	1206513797	1156918720
S	416	416	10	249017593	1156918720
S	417	417	11	1187601904	1156918720
S	418	418	11	1810080890	1156918720
S	419	419	11	1957498062	1156918720
S	420	420	11	1802240420	1156918720
S	421	421	11	1608999632	1156918720
S	422	422	10	897555122	1156918720
S	423	423	11	1860638455	1156918720
S	424	424	11	1980382681	1156918720
S	425	425	11	1740509323	1156918720
S	426	426	10	715658121	1156918720
S	427	427	11	1733870860	1156918720
S	428	428	10	544864707	1156918720
S	429	429	11	1903960213	1156918720
S	430	430	10	880622725	1156918720
S	431	431	10	521871375	1156918720
S	432	432	11	1315808721	1156918720
S	433	433	11	1135922222	1156918720
S	434	434	10	392412539	1156918720
S	435	435	10	590137555	1156918720
S	436	436	11	1502197714	1156918720
S	437	437	11	1784992280	1156918720
S	438	438	11	1088938554	1156918720
S	439	439	10	543487459	1156918720
S	440	440	11	1949007679	1156918720
S	441	441	11	1623153030	1156918720
S	442	442	11	1585976753	1156918720
S	443	443	10	913703170	1156918720
S	444	444	10	890993473	1156918720
S	445	445	10	853393798	1156918720
S	446	446	11	2120216967	1156918720
S	447	447	11	1140011066	1156918720
S	448	448	11	2040995702	1156918720
S	449	449	11	1782814209	1156918720
S	450	450	10	950025480	1156918720
S	451	451	11	1695752474	1156918720
S	452	452	11	1244330194	1156918720
S	453	453	11	1847580602	1156918720
S	454	454	11	1408907281	1156918720
S	455	455	11	1077229227	1156918720
S	456	456	11	1440606277	1156918720
S	457	457	11	2124565402	1156918720
S	458	458	10	663616439	1156918720
S	459	459	11	1985470985	1156918720
S	460	460	11	1881041967	1156918720
S	461	461	11	1544239164	1156918720
S	462	462	10	359858712	1156918720
S	463	463	11	1049367040	1156918720
S	464	464	10	532677738	1156918720
S	465	465	10	752271252	1156918720
S	466	466	11	1639504596	1156918720
S	467	467	11	2034875453	1156918720
S	468	468	10	389779884	1156918720
S	469	469	10	580959502	1156918720
S	470	470	10	430879264	1156918720
S	471	471	10	191303915	1156918720
S	472	472	9	56628885	1156918720
S	473	473	11	2016856017	1156918720
S	474	474	11	1105007085	1156918720
S	475	475	10	947622358	1156918720
S	476	476	10	722766167	1156918720
S	477	477	11	1077740405	1156918720
S	478	478	11	2087633424	1156918720
S	479	479	10	616278221	1156918720
S	480	480	10	713070966	1156918720
S	481	481	10	890175256	1156918720
S	482	482	10	164547047	1156918720
S	483	483	11	1957401160	1156918720
S	484	484	10	590272210	1156918720
S	485	485	11	1573454328	1156918720
S	486	486	10	887146739	1156918720
S	487	487	11	2030878488	1156918720
S	488	488	11	1550536083	1156918720
S	489	489	11	1550763179	1156918720
S	490	490	11	1868865825	1156918720
S	491	491	11	1284094402	1156918720
S	492	492	10	947518695	1156918720
S	493	493	9	81240889	1156918720
S	494	494	10	185977795	1156918720
S	495	495	11	1480196434	1156918720
S	496	496	10	833512141	1156918720
S	497	497	11	1825482391	1156918720
S	498	498	11	1367588239	1156918720
S	499	499	11	1223292025	1156918720
S	500	500	10	258958245	1156918720
S	501	501	11	1798467503	1156918720
S	502	502	11	1414595941	1156918720
S	503	503	10	315587130	1156918720
S	504	504	11	1667839872	1156918720
S	505	505	10	372119378	1156918720
S	506	506	11	1263209488	1156918720
S	507	507	10	243122392	1156918720
S	508	508	11	1449859783	1156918720
S	509	509	11	1203359264	1156918720
S	510	510	10	859400613	1156918720
S	511	511	9	15447102	1156918720
S	512	512	11	2093534520	1156918720
S	513	513	11	1023947661	1156918720
S	514	514	11	1972848262	1156918720
S	515	515	10	536323083	1156918720
S	516	516	10	449918341	1156918720
S	517	517	10	712511354	1156918720
S	518	518	10	419717923	1156918720
S	519	519	11	2000454424	1156918720
S	520	520	10	115790885	1156918720
S	521	521	10	141100100	1156918720
S	522	522	11	1137065179	1156918720
S	523	523	11	1063309580	1156918720
S	524	524	10	222340989	1156918720
S	525	525	11	1323042974	1156918720
S	526	526	10	396022366	1156918720
S	527	527	11	1055853131	1156918720
S	528	528	11	1001041717	1156918720
S	529	529	11	1763610605	1156918720
S	530	530	10	131661508	1156918720
S	531	531	11	1259999962	1156918720
S	532	532	11	1414594460	1156918720
S	533	533	11	1546257449	1156918720
S	534	534	11	1575587093	1156918720
S	535	535	10	934950685	1156918720
S	536	536	11	1918376828	1156918720
S	537	537	10	691312933	1156918720
S	538	538	11	1178073077	1156918720
S	539	539	11	1220752963	1156918720
S	540	540	11	1894672198	1156918720
S	541	541	11	2037473690	1156918720
S	542	542	11	1236200065	1156918720
S	543	543	11	1840723070	1156918720
S	544	544	10	913937703	1156918720
S	545	545	11	1061564680	1156918720
S	546	546	10	229562505	1156918720
S	547	547	11	1363856045	1156918720
S	548	548	11	1774076034	1156918720
S	549	549	10	649280428	1156918720
S	550	550	11	1216826821	1156918720
S	551	551	11	1889866919	1156918720
S	552	552	10	790380528	1156918720
S	553	553	10	206408352	1156918720
S	554	554	10	805692851	1156918720
S	555	555	11	1012721518	1156918720
S	556	556	11	1529451326	1156918720
S	557	557	11	1201715218	1156918720
S	558	558	11	2068574649	1156918720
S	559	559	10	383009395	1156918720
S	560	560	10	817842175	1156918720
S	561	561	9	52752509	1156918720
S	562	562	11	1643009358	1156918720
S	563	563	9	84952988	1156918720
S	564	564	11	1599009959	1156918720
S	565	565	11	1071112803	1156918720
S	566	566	11	1019903673	1156918720
S	567	567	11	1369903139	1156918720
S	568	568	11	1762425736	1156918720
S	569	569	9	50493102	1156918720
S	570	570	10	443172454	1156918720
S	571	571	11	1509614286	1156918720
S	572	572	11	2087966792	1156918720
S	573	573	11	1679372520	1156918720
S	574	574	11	1202853709	1156918720
S	575	575	10	854420848	1156918720
S	576	576	10	593453552	1156918720
S	577	577	11	1432416214	1156918720
S	578	578	9	70793245	1156918720
S	579	579	10	220045938	1156918720
S	580	580	11	2081696643	1156918720
S	581	581	11	1287620066	1156918720
S	582	582	11	2109912857	1156918720
S	583	583	10	724593523	1156918720
S	584	584	11	1494028419	1156918720
S	585	585	10	768122060	1156918720
S	586	586	11	1737315041	1156918720
S	587	587	10	875996097	1156918720
S	588	588	11	1969837278	1156918720
S	589	589	11	1658406042	1156918720
S	590	590	11	1259005493	1156918720
S	591	591	10	640195806	1156918720
S	592	592	11	1711158552	1156918720
S	593	593	10	754531203	1156918720
S	594	594	10	725148794	1156918720
S	595	595	11	1162684863	1156918720
S	596	596	11	1825644006	1156918720
S	597	597	11	1745052467	1156918720
S	598	598	10	385104354	1156918720
S	599	599	11	1440586094	1156918720
S	600	600	11	1795545569	1156918720
S	601	601	10	828276808	1156918720
S	602	602	10	802716733	1156918720
S	603	603	11	1736028713	1156918720
S	604	604	10	360165680	1156918720
S	605	605	11	2005570442	1156918720
S	606	606	10	442965913	1156918720
S	607	607	10	953619232	1156918720
S	608	608	11	1290503008	1156918720
S	609	609	10	513759158	1156918720
S	610	610	11	1173665170	1156918720
S	611	611	11	1224716003	1156918720
S	612	612	11	1801379225	1156918720
S	613	613	11	1136094379	1156918720
S	614	614	11	1949309527	1156918720
S	615	615	11	1147923996	1156918720
S	616	616	11	1904216440	1156918720
S	617	617	11	1539140920	1156918720
S	618	618	11	2023920093	1156918720
S	619	619	11	1726570070	1156918720
S	620	620	11	1050063315	1156918720
S	621	621	11	1135441938	1156918720
S	622	622	10	219282228	1156918720
S	623	623	10	613738219	1156918720
S	624	624	11	1889973141	1156918720
S	625	625	10	944431022	1156918720
S	626	626	11	1776423082	1156918720
S	627	627	11	1568133499	1156918720
S	628	628	10	541999841	1156918720
S	629	629	9	14043788	1156918720
S	630	630	10	861235946	1156918720
S	631	631	10	190061762	1156918720
S	632	632	10	842320596	1156918720
S	633	633	11	1663952679	1156918720
S	634	634	11	1926090476	1156918720
S	635	635	11	1202486277	1156918720
S	636	636	11	1522039473	1156918720
S	637	637	10	221572741	1156918720
S	638	638	8	8621861	1156918720
S	639	639	10	665058833	1156918720
S	640	640	10	735331900	1156918720
S	641	641	11	1182287032	1156918720
S	642	642	11	1889774837	1156918720
S	643	643	10	389227477	1156918720
S	644	644	10	170897763	1156918720
S	645	645	11	1691600716	1156918720
S	646	646	11	1537151473	1156918720
S	647	647	11	2075114203	1156918720
S	648	648	11	1083257988	1156918720
S	649	649	11	1413587918	1156918720
S	650	650	11	1654200626	1156918720
S	651	651	11	2133321303	1156918720
S	652	652	10	401546209	1156918720
S	653	653	11	1873482854	1156918720
S	654	654	10	599575874	1156918720
S	655	655	10	144035702	1156918720
S	656	656	10	670430229	1156918720
S	657	657	10	228515308	1156918720
S	658	658	11	1712169202	1156918720
S	659	659	11	1212430070	1156918720
S	660	660	10	242559096	1156918720
S	661	661	10	425921500	1156918720
S	662	662	11	1402491833	1156918720
S	663	663	11	1084879693	1156918720
S	664	664	11	2089874179	1156918720
S	665	665	11	1181098661	1156918720
S	666	666	10	139882322	1156918720
S	667	667	11	1464430004	1156918720
S	668	668	11	1402671402	1156918720
S	669	669	10	148504183	1156918720
S	670	670	11	2129488837	1156918720
S	671	671	11	2138003302	1156918720
S	672	672	11	1330791215	1156918720
S	673	673	11	1871780026	1156918720
S	674	674	10	379747131	1156918720
S	675	675	11	1501688979	1156918720
S	676	676	11	1415897094	1156918720
S	677	677	11	1916898604	1156918720
S	678	678	11	1429319534	1156918720
S	679	679	10	351671435	1156918720
S	680	680	11	1183002875	1156918720
S	681	681	10	936036512	1156918720
S	682	682	10	337509090	1156918720
S	683	683	11	1584549084	1156918720
S	684	684	10	662035719	1156918720
S	685	685	10	937084965	1156918720
S	686	686	11	1728584786	1156918720
S	687	687	11	1332465948	1156918720
S	688	688	11	1165600273	1156918720
S	689	689	11	1293270340	1156918720
S	690	690	10	397412370	1156918720
S	691	691	11	1408159370	1156918720
S	692	692	11	1719191840	1156918720
S	693	693	11	1799904203	1156918720
S	694	694	10	345555415	1156918720
S	695	695	11	1661582371	1156918720
S	696	696	10	833519216	1156918720
S	697	697	10	485437737	1156918720
S	698	698	10	978528727	1156918720
S	699	699	9	88706971	1156918720
S	700	700	10	633941920	1156918720
S	701	701	10	960533917	1156918720
S	702	702	9	79226625	1156918720
S	703	703	11	1964733136	1156918720
S	704	704	10	684830295	1156918720
S	705	705	10	458973757	1156918720
S	706	706	11	1318938467	1156918720
S	707	707	11	2100727390	1156918720
S	708	708	10	228388713	1156918720
S	709	709	10	600774353	1156918720
S	710	710	10	304915177	1156918720
S	711	711	11	1411391588	1156918720
S	712	712	11	1536810866	1156918720
S	713	713	10	642424267	1156918720
S	714	714	10	848457024	1156918720
S	715	715	9	51362937	1156918720
S	716	716	11	1579509232	1156918720
S	717	717	10	429558163	1156918720
S	718	718	11	1383828885	1156918720
S	719	719	10	597625858	1156918720
S	720	720	11	1722828503	1156918720
S	721	721	11	1781241255	1156918720
S	722	722	11	2005785228	1156918720
S	723	723	11	1294536696	1156918720
S	724	724	11	1433661811	1156918720
S	725	725	10	203856995	1156918720
S	726	726	10	808635419	1156918720
S	727	727	10	119697379	1156918720
S	728	728	10	689294732	1156918720
S	729	729	11	1787164147	1156918720
S	730	730	10	208404350	1156918720
S	731	731	11	1323236652	1156918720
S	732	732	10	600214416	1156918720
S	733	733	10	287630976	1156918720
S	734	734	11	1140486140	1156918720
S	735	735	11	1285044711	1156918720
S	736	736	10	746604733	1156918720
S	737	737	10	311940959	1156918720
S	738	738	11	1238288453	1156918720
S	739	739	10	974993446	1156918720
S	740	740	10	912715313	1156918720
S	741	741	11	1543203630	1156918720
S	742	742	10	238901387	1156918720
S	743	743	10	302042531	1156918720
S	744	744	9	38144250	1156918720
S	745	745	11	1087358411	1156918720
S	746	746	10	353405468	1156918720
S	747	747	11	1617653482	1156918720
S	748	748	11	1516916574	1156918720
S	749	749	11	1737234353	1156918720
S	750	750	9	67795692	1156918720
S	751	751	11	1092261430	1156918720
S	752	752	11	1370991960	1156918720
S	753	753	11	2073580920	1156918720
S	754	754	10	239314478	1156918720
S	755	755	10	657170123	1156918720
S	756	756	10	129954267	1156918720
S	757	757	11	1047949897	1156918720
S	758	758	10	776867503	1156918720
S	759	759	10	819248999	1156918720
S	760	760	10	687630396	1156918720
S	761	761	10	985271853	1156918720
S	762	762	11	2142485652	1156918720
S	763	763	11	1287844812	1156918720
S	764	764	11	1272902829	1156918720
S	765	765	11	1135488144	1156918720
S	766	766	10	425405876	1156918720
S	767	767	11	2019507562	1156918720
S	768	768	11	1447429104	1156918720
S	769	769	11	1663694329	1156918720
S	770	770	10	847017361	1156918720
S	771	771	10	212660769	1156918720
S	772	772	11	1059414312	1156918720
S	773	773	11	1085918748	1156918720
S	774	774	10	514703300	1156918720
S	775	775	11	1097558562	1156918720
S	776	776	9	25793511	1156918720
S	777	777	10	868108768	1156918720
S	778	778	10	567728396	1156918720
S	779	779	11	1542710086	1156918720
S	780	780	10	457859473	1156918720
S	781	781	10	635524089	1156918720
S	782	782	10	487487868	1156918720
S	783	783	11	1828851433	1156918720
S	784	784	10	561621361	1156918720
S	785	785	10	726802346	1156918720
S	786	786	10	338537909	1156918720
S	787	787	10	691575629	1156918720
S	788	788	11	1774752243	1156918720
S	789	789	11	1115405412	1156918720
S	790	790	11	1510824628	1156918720
S	791	791	10	314898992	1156918720
S	792	792	11	2100677265	1156918720
S	793	793	11	1505826632	1156918720
S	794	794	11	1602743804	1156918720
S	795	795	11	1226096447	1156918720
S	796	796	10	493831129	1156918720
S	797	797	11	2028149680	1156918720
S	798	798	11	1098120361	1156918720
S	799	799	11	1941260233	1156918720
S	800	800	11	1544360362	1156918720
S	801	801	11	1945137722	1156918720
S	802	802	8	6437354	1156918720
S	803	803	10	456291026	1156918720
S	804	804	10	883572822	1156918720
S	805	805	10	521140654	1156918720
S	806	806	11	1553849588	1156918720
S	807	807	10	909366334	1156918720
S	808	808	11	1389249422	1156918720
S	809	809	11	2121577984	1156918720
S	810	810	10	304592772	1156918720
S	811	811	11	1847108895	1156918720
S	812	812	10	609618425	1156918720
S	813	813	10	792080640	1156918720
S	814	814	11	1528476680	1156918720
S	815	815	11	1171239787	1156918720
S	816	816	11	1518882986	1156918720
S	817	817	11	1867014589	1156918720
S	818	818	11	1862815416	1156918720
S	819	819	11	1146151581	1156918720
S	820	820	10	834936353	1156918720
S	821	821	11	1226156396	1156918720
S	822	822	11	1461050573	1156918720
S	823	823	10	788129971	1156918720
S	824	824	10	584499381	1156918720
S	825	825	10	916310730	1156918720
S	826	826	11	2014226418	1156918720
S	827	827	11	1078330510	1156918720
S	828	828	10	796976762	1156918720
S	829	829	10	964863131	1156918720
S	830	830	10	872107095	1156918720
S	831	831	10	193853476	1156918720
S	832	832	10	762517206	1156918720
S	833	833	10	878544449	1156918720
S	834	834	10	650144502	1156918720
S	835	835	11	1646090028	1156918720
S	836	836	11	1399685103	1156918720
S	837	837	9	56510442	1156918720
S	838	838	10	407972714	1156918720
S	839	839	10	641450877	1156918720
S	840	840	9	30604779	1156918720
S	841	841	10	712565486	1156918720
S	842	842	10	341076124	1156918720
S	843	843	10	640223204	1156918720
S	844	844	11	1504646126	1156918720
S	845	845	11	1869552804	1156918720
S	846	846	11	1811462991	1156918720
S	847	847	10	876045464	1156918720
S	848	848	11	1589083746	1156918720
S	849	849	11	1526794759	1156918720
S	850	850	11	2022197046	1156918720
S	851	851	10	276536451	1156918720
S	852	852	10	605467508	1156918720
S	853	853	11	1335763971	1156918720
S	854	854	11	1064666422	1156918720
S	855	855	11	1189966889	1156918720
S	856	856	10	104591053	1156918720
S	857	857	10	931409192	1156918720
S	858	858	10	120813751	1156918720
S	859	859	10	901567816	1156918720
S	860	860	11	1896272324	1156918720
S	861	861	10	992920846	1156918720
S	862	862	11	1095421292	1156918720
S	863	863	10	511305882	1156918720
S	864	864	11	1871465295	1156918720
S	865	865	11	1745565795	1156918720
S	866	866	8	9912262	1156918720
S	867	867	11	1123666750	1156918720
S	868	868	11	1802076237	1156918720
S	869	869	10	417884977	1156918720
S	870	870	11	1765117627	1156918720
S	871	871	11	1832681016	1156918720
S	872	872	11	1130450463	1156918720
S	873	873	11	2106193751	1156918720
S	874	874	10	325420573	1156918720
S	875	875	10	487612942	1156918720
S	876	876	11	1828262907	1156918720
S	877	877	11	2136883564	1156918720
S	878	878	11	1363658406	1156918720
S	879	879	11	1269863005	1156918720
S	880	880	11	1516194676	1156918720
S	881	881	11	1238371804	1156918720
S	882	882	11	1546399457	1156918720
S	883	883	11	2121662184	1156918720
S	884	884	10	426652128	1156918720
S	885	885	10	463582231	1156918720
S	886	886	11	1164145425	1156918720
S	887	887	10	531243181	1156918720
S	888	888	11	1394991424	1156918720
S	889	889	11	1284959176	1156918720
S	890	890	11	1432810997	1156918720
S	891	891	11	1143780100	1156918720
S	892	892	10	130396374	1156918720
S	893	893	10	380748642	1156918720
S	894	894	11	1655085982	1156918720
S	895	895	11	2001861669	1156918720
S	896	896	11	2126314437	1156918720
S	897	897	11	1664998244	1156918720
S	898	898	10	978044771	1156918720
S	899	899	11	1780907026	1156918720
S	900	900	11	2082883221	1156918720
S	901	901	10	595678750	1156918720
S	902	902	11	1466104395	1156918720
S	903	903	11	1065850037	1156918720
S	904	904	10	554388853	1156918720
S	905	905	11	1791524968	1156918720
S	906	906	11	1553462979	1156918720
S	907	907	10	235168112	1156918720
S	908	908	11	1780924884	1156918720
S	909	909	10	769637737	1156918720
S	910	910	11	1505031118	1156918720
S	911	911	11	1149635912	1156918720
S	912	912	11	2008009542	1156918720
S	913	913	10	903946927	1156918720
S	914	914	11	1123814448	1156918720
S	915	915	10	287178022	1156918720
S	916	916	11	1367529158	1156918720
S	917	917	10	140476225	1156918720
S	918	918	10	818421203	1156918720
S	919	919	10	615036934	1156918720
S	920	920	11	1425435401	1156918720
S	921	921	10	103748553	1156918720
S	922	922	11	1758817034	1156918720
S	923	923	11	1555831775	1156918720
S	924	924	10	484497195	1156918720
S	925	925	11	1266419368	1156918720
S	926	926	11	1410209796	1156918720
S	927	927	10	463327984	1156918720
S	928	928	10	783933965	1156918720
S	929	929	10	240770919	1156918720
S	930	930	9	96751362	1156918720
S	931	931	10	719333538	1156918720
S	932	932	10	836449669	1156918720
S	933	933	11	1562855757	1156918720
S	934	934	11	1785183575	1156918720
S	935	935	11	1390838522	1156918720
S	936	936	11	1206897077	1156918720
S	937	937	11	1191162906	1156918720
S	938	938	11	1626006635	1156918720
S	939	939	10	840338314	1156918720
S	940	940	11	1960800644	1156918720
S	941	941	10	983554105	1156918720
S	942	942	11	1989974226	1156918720
S	943	943	11	1821326538	1156918720
S	944	944	11	1887501032	1156918720
S	945	945	10	966305027	1156918720
S	946	946	11	2108504560	1156918720
S	947	947	11	1107546542	1156918720
S	948	948	11	1106781252	1156918720
S	949	949	10	779442115	1156918720
S	950	950	11	1722583477	1156918720
S	951	951	10	384733006	1156918720
S	952	952	10	883190668	1156918720
S	953	953	11	1333916863	1156918720
S	954	954	11	1940564781	1156918720
S	955	955	11	1367687863	1156918720
S	956	956	10	452852584	1156918720
S	957	957	11	1203290930	1156918720
S	958	958	11	1831015847	1156918720
S	959	959	11	1236786549	1156918720
S	960	960	11	1444061849	1156918720
S	961	961	11	1927767210	1156918720
S	962	962	11	1956120087	1156918720
S	963	963	10	133027871	1156918720
S	964	964	11	1343139319	1156918720
S	965	965	11	1593820015	1156918720
S	966	966	11	1523866393	1156918720
S	967	967	10	402552749	1156918720
S	968	968	10	637499273	1156918720
S	969	969	11	1002389380	1156918720
S	970	970	11	1242891063	1156918720
S	971	971	10	450816269	1156918720
S	972	972	11	1985943485	1156918720
S	973	973	11	1085381641	1156918720
S	974	974	10	124659159	1156918720
S	975	975	11	1725960869	1156918720
S	976	976	11	2051686668	1156918720
S	977	977	9	85680071	1156918720
S	978	978	10	686023764	1156918720
S	979	979	11	1010984273	1156918720
S	980	980	10	865122187	1156918720
S	981	981	10	261123593	1156918720
S	982	982	11	1395717279	1156918720
S	983	983	11	1748312855	1156918720
S	984	984	11	1595040456	1156918720
S	985	985	11	1188798412	1156918720
S	986	986	10	968517071	1156918720
S	987	987	11	2047893040	1156918720
S	988	988	10	244605694	1156918720
S	989	989	10	652049270	1156918720
S	990	990	11	1137195941	1156918720
S	991	991	11	1688667544	1156918720
S	992	992	10	432332832	1156918720
S	993	993	10	945832381	1156918720
S	994	994	11	1821695415	1156918720
S	995	995	11	1775472152	1156918720
S	996	996	10	392168748	1156918720
S	997	997	11	1198078160	1156918720
S	998	998	9	30541253	1156918720
S	999	999	11	1029668021	1156918720
S	1000	1000	9	52983893	1156918720
S	1001	1001	11	1273432316	1156918720
S	1002	1002	11	1480484291	1156918720
S	1003	1003	11	2038927378	1156918720
S	1004	1004	10	211330309	1156918720
S	1005	1005	11	1605143450	1156918720
S	1006	1006	11	1617404600	1156918720
S	1007	1007	10	115533330	1156918720
S	1008	1008	11	1690823522	1156918720
S	1009	1009	10	155944716	1156918720
S	1010	1010	11	1126517603	1156918720
S	1011	1011	10	408462061	1156918720
S	1012	1012	10	417068309	1156918720
S	1013	1013	10	374751234	1156918720
S	1014	1014	8	9291268	1156918720
S	1015	1015	11	2012108765	1156918720
S	1016	1016	11	1563549646	1156918720
S	1017	1017	10	977808339	1156918720
S	1018	1018	11	1912518158	1156918720
S	1019	1019	11	1808155341	1156918720
S	1020	1020	11	1629857610	1156918720
S	1021	1021	10	902230451	1156918720
S	1022	1022	11	1349339237	1156918720
S	1023	1023	11	2062190442	1156918720
S	1024	1024	11	1848062832	1156918720
S	1025	1025	11	1023551004	1156918720
S	1026	1026	11	1690178946	1156918720
S	1027	1027	9	92747932	1156918720
S	1028	1028	9	74145516	1156918720
S	1029	1029	11	1720720199	1156918720
S	1030	1030	11	1122415954	1156918720
S	1031	1031	10	127129409	1156918720
S	1032	1032	10	846668867	1156918720
S	1033	1033	10	455416597	1156918720
S	1034	1034	9	18573140	1156918720
S	1035	1035	11	1057999177	1156918720
S	1036	1036	11	2060560047	1156918720
S	1037	1037	11	1635977740	1156918720
S	1038	1038	11	1173532507	1156918720
S	1039	1039	11	1603899921	1156918720
S	1040	1040	11	1791922456	1156918720
S	1041	1041	10	152566462	1156918720
S	1042	1042	11	2012361982	1156918720
S	1043	1043	9	61507117	1156918720
S	1044	1044	10	527317696	1156918720
S	1045	1045	11	2021653251	1156918720
S	1046	1046	11	2073615882	1156918720
S	1047	1047	11	2090867342	1156918720
S	1048	1048	10	851977942	1156918720
S	1049	1049	11	1838650392	1156918720
S	1050	1050	11	1751539035	1156918720
S	1051	1051	10	334351904	1156918720
S	1052	1052	10	593397196	1156918720
S	1053	1053	10	953394624	1156918720
S	1054	1054	10	249058699	1156918720
S	1055	1055	10	293976380	1156918720
S	1056	1056	11	1976945628	1156918720
S	1057	1057	11	1939237645	1156918720
S	1058	1058	10	386724313	1156918720
S	1059	1059	11	2051091145	1156918720
S	1060	1060	11	1512474197	1156918720
S	1061	1061	11	1509140267	1156918720
S	1062	1062	9	30736906	1156918720
S	1063	1063	10	211659416	1156918720
S	1064	1064	11	1964556864	1156918720
S	1065	1065	9	49310046	1156918720
S	1066	1066	11	1269658593	1156918720
S	1067	1067	11	1877633263	1156918720
S	1068	1068	11	1685287786	1156918720
S	1069	1069	10	295707452	1156918720
S	1070	1070	11	1334049537	1156918720
S	1071	1071	11	1329726594	1156918720
S	1072	1072	10	448273914	1156918720
S	1073	1073	11	1198927871	1156918720
S	1074	1074	11	1391233711	1156918720
S	1075	1075	10	975591610	1156918720
S	1076	1076	11	1073097474	1156918720
S	1077	1077	11	1317365946	1156918720
S	1078	1078	10	918975305	1156918720
S	1079	1079	11	1925075417	1156918720
S	1080	1080	11	1008532690	1156918720
S	1081	1081	10	523030692	1156918720
S	1082	1082	10	111943673	1156918720
S	1083	1083	11	1601929886	1156918720
S	1084	1084	11	1476425317	1156918720
S	1085	1085	10	361002372	1156918720
S	1086	1086	11	1895906267	1156918720
S	1087	1087	11	1305887297	1156918720
S	1088	1088	10	152756370	1156918720
S	1089	1089	10	135146932	1156918720
S	1090	1090	11	1209494794	1156918720
S	1091	1091	11	1665230567	1156918720
S	1092	1092	11	1644287199	1156918720
S	1093	1093	11	1240231701	1156918720
S	1094	1094	11	1876889983	1156918720
S	1095	1095	11	1461360415	1156918720
S	1096	1096	11	1289541747	1156918720
S	1097	1097	10	999064929	1156918720
S	1098	1098	11	1191510030	1156918720
S	1099	1099	10	827345886	1156918720
S	1100	1100	11	1294772381	1156918720
S	1101	1101	10	378075919	1156918720
S	1102	1102	8	9588832	1156918720
S	1103	1103	11	1743046296	1156918720
S	1104	1104	11	1577003791	1156918720
S	1105	1105	11	1400822544	1156918720
S	1106	1106	10	571154258	1156918720
S	1107	1107	10	502617617	1156918720
S	1108	1108	10	570704842	1156918720
S	1109	1109	11	1490129563	1156918720
S	1110	1110	10	280209386	1156918720
S	1111	1111	11	1579237532	1156918720
S	1112	1112	11	2013160256	1156918720
S	1113	1113	10	392153060	1156918720
S	1114	1114	11	1033683771	1156918720
S	1115	1115	11	1342101925	1156918720
S	1116	1116	10	753155432	1156918720
S	1117	1117	10	782106390	1156918720
S	1118	1118	10	500505574	1156918720
S	1119	1119	10	905911802	1156918720
S	1120	1120	10	917253322	1156918720
S	1121	1121	11	1710000369	1156918720
S	1122	1122	10	423658721	1156918720
S	1123	1123	10	414056873	1156918720
S	1124	1124	10	802748422	1156918720
S	1125	1125	10	153065057	1156918720
S	1126	1126	11	1875417288	1156918720
S	1127	1127	11	2092290169	1156918720
S	1128	1128	11	1152129986	1156918720
S	1129	1129	10	919443670	1156918720
S	1130	1130	10	772152407	1156918720
S	1131	1131	10	299418719	1156918720
S	1132	1132	11	1297519590	1156918720
S	1133	1133	10	781741240	1156918720
S	1134	1134	11	2042465015	1156918720
S	1135	1135	10	727039733	1156918720
S	1136	1136	9	35080136	1156918720
S	1137	1137	10	466135626	1156918720
S	1138	1138	11	1229657350	1156918720
S	1139	1139	10	605784978	1156918720
S	1140	1140	11	1956265189	1156918720
S	1141	1141	11	1509866737	1156918720
S	1142	1142	9	37538862	1156918720
S	1143	1143	11	1821941797	1156918720
S	1144	1144	11	1902019797	1156918720
S	1145	1145	11	1071222633	1156918720
S	1146	1146	11	1016560074	1156918720
S	1147	1147	10	507691581	1156918720
S	1148	1148	11	1853329023	1156918720
S	1149	1149	11	1517065649	1156918720
S	1150	1150	11	1413603384	1156918720
S	1151	1151	10	623098697	1156918720
S	1152	1152	11	1079582370	1156918720
S	1153	1153	11	1837262105	1156918720
S	1154	1154	11	1037155570	1156918720
S	1155	1155	11	1882330792	1156918720
S	1156	1156	11	1990327162	1156918720
S	1157	1157	10	765089210	1156918720
S	1158	1158	11	1827137313	1156918720
S	1159	1159	10	994973500	1156918720
S	1160	1160	11	1684532881	1156918720
S	1161	1161	10	451806073	1156918720
S	1162	1162	11	1294392220	1156918720
S	1163	1163	10	834568823	1156918720
S	1164	1164	11	1233547313	1156918720
S	1165	1165	11	1189373587	1156918720
S	1166	1166	11	1561608556	1156918720
S	1167	1167	11	1268627449	1156918720
S	1168	1168	11	1655509213	1156918720
S	1169	1169	10	643782258	1156918720
S	1170	1170	11	1874412427	1156918720
S	1171	1171	11	1464290755	1156918720
S	1172	1172	8	6165347	1156918720
S	1173	1173	11	1911951289	1156918720
S	1174	1174	11	1138748904	1156918720
S	1175	1175	11	1908185144	1156918720
S	1176	1176	10	835690275	1156918720
S	1177	1177	8	7825331	1156918720
S	1178	1178	10	268393078	1156918720
S	1179	1179	10	541535650	1156918720
S	1180	1180	11	1524890980	1156918720
S	1181	1181	11	1681996462	1156918720
S	1182	1182	11	1164634348	1156918720
S	1183	1183	10	456989702	1156918720
S	1184	1184	11	1371774919	1156918720
S	1185	1185	9	54306270	1156918720
S	1186	1186	10	191836846	1156918720
S	1187	1187	11	1214618434	1156918720
S	1188	1188	10	819395481	1156918720
S	1189	1189	11	2018974159	1156918720
S	1190	1190	9	62108286	1156918720
S	1191	1191	10	356444714	1156918720
S	1192	1192	10	323296584	1156918720
S	1193	1193	11	1356500506	1156918720
S	1194	1194	11	1191013537	1156918720
S	1195	1195	11	1556843897	1156918720
S	1196	1196	10	398390446	1156918720
S	1197	1197	10	605138445	1156918720
S	1198	1198	10	677987698	1156918720
S	1199	1199	11	2053899659	1156918720
G	-1	0	
G	-1	0	
G	-1	0	
G	-1	0	
G	-1	0	
G	-1	0	
G	-1	0	
G	-1	0	
G	-1	0	
G	-1	0	
G	-1	0	
G	-1	0	
G	-1	0	
G	-1	0	
G	-1	0	
G	-1	0	
G	-1	0	
G	-1	0	
G	-1	0	
G	-1	0	
G	-1	0	
G	-1	0	
G	-1	0	
G	-1	0	
G	-1	0	
G	-1	0	
G	-1	0	
G	-1	0	
G	-1	0	
G	-1	0	
G	-1	0	
G	-1	0	
G	-1	0	
G	-1	0	
G	-1	0	
G	-1	0	
G	-1	0	
G	-1	0	
G	-1	0	
G	-1	0	
G	-1	0	
G	-1	0	
G	-1	0	
G	-1	0	
G	-1	0	
G	-1	0	
G	-1	0	
G	-1	0	
G	-1	0	
G	-1	0	
G	-1	0	
G	-1	0	
G	-1	0	
G	-1	0	
G	-1	0	
G	-1	0	
G	-1	0	
G	-1	0	
G	-1	0	
G	-1	0	
G	-1	0	
G	-1	0	
G	-1	0	
G	-1	0	
G	-1	0	
G	-1	0	
G	-1	0	
G	-1	0	
G	-1	0	
G	-1	0	
G	-1	0	
G	-1	0	
G	-1	0	
G	-1	0	
G	-1	0	
G	-1	0	
G	-1	0	
G	-1	0	
G	-1	0	
G	-1	0	
G	-1	0	
G	-1	0	
G	-1	0	
G	-1	0	
G	-1	0	
G	-1	0	
G	1200	10	740944736
G	1201	11	1951316427
G	1202	10	966208514
G	1203	9	61046109
G	1204	9	81183396
G	1205	11	1161390445
G	1206	9	95604292
G	1207	10	949302335
G	1208	11	2117433298
G	1209	11	1802621714
G	1210	11	1084857916
G	1211	11	1589716673
G	1212	11	1694310618
G	1213	11	1459402699
G	1214	11	2034547165
G	1215	10	110512487
G	1216	11	1134685375
G	1217	10	209750387
G	1218	11	1073428543
G	1219	10	660749886
G	1220	10	732848174
G	1221	11	1239379855
G	1222	11	1490186707
G	1223	11	1279246159
G	1224	11	1347969442
G	1225	10	495995911
G	1226	10	651607168
G	1227	11	1577289271
G	1228	10	737918461
G	1229	10	827981882
G	1230	10	194880995
G	1231	11	1478863197
G	1232	10	631814662
G	1233	11	1161089509
G	1234	11	1539909306
G	1235	10	712998058
G	1236	10	174996306
G	1237	11	1635513599
G	1238	11	1662300393
G	1239	10	144945956
G	1240	11	1290651665
G	1241	10	599674662
G	1242	11	1734662629
G	1243	10	837478636
G	1244	11	2059077361
G	1245	11	1621726146
G	1246	10	947991123
G	1247	11	1046279088
G	1248	11	1831476534
G	1249	11	2021419667
G	1250	11	1707028974
G	1251	10	416841060
G	1252	11	1113315874
G	1253	11	1049732033
G	1254	11	1696087219
G	1255	10	313801669
G	1256	11	1545727944
G	1257	10	200210739
G	1258	11	1891090940
G	1259	10	136162758
G	1260	11	1028192622
G	1261	11	2085971935
G	1262	11	1615025955
G	1263	11	1660007284
G	1264	11	1099577796
G	1265	11	1007451614
G	1266	10	225521694
G	1267	11	1274574102
G	1268	10	495481565
G	1269	11	1887822088
G	1270	11	1419520058
G	1271	11	1786133230
G	1272	10	340013102
G	1273	11	1006699040
G	1274	10	476128218
G	1275	10	251606815
G	1276	10	480941538
G	1277	11	1424119342
G	1278	11	1297885903
G	1279	10	164934424
G	1280	11	1298055361
G	1281	10	857431230
G	1282	10	581775485
G	1283	10	263887587
G	1284	11	1907163263
G	1285	10	130379056
G	1286	10	577689256
G	1287	11	1305407560
G	1288	10	330589796
G	1289	10	321296548
G	1290	11	1441570318
G	1291	11	1358782418
G	1292	10	259784835
G	1293	10	909112625
G	1294	10	871306054
G	1295	11	1359362631
G	1296	11	1916564239
G	1297	11	1096827748
G	1298	10	486453085
G	1299	10	264562156
G	1300	10	837166188
G	1301	11	1905973144
G	1302	11	2050695387
G	1303	11	1177179290
G	1304	10	765188536
G	1305	10	379339957
G	1306	11	1428786105
G	1307	11	1246130074
G	1308	11	1803459299
G	1309	10	579188361
G	1310	11	1411064499
G	1311	10	954031012
G	1312	11	1436619591
G	1313	11	1992839984
G	1314	11	1217918600
G	1315	11	1196299206
G	1316	11	2123219040
G	1317	11	1795607856
G	1318	10	354223118
G	1319	10	306325188
G	1320	11	2116904405
G	1321	11	1795793436
G	1322	11	1665107606
G	1323	10	229205592
G	1324	10	557422414
G	1325	10	388930012
G	1326	11	1588568224
G	1327	10	326503005
G	1328	11	1485757761
G	1329	11	2075021309
G	1330	10	591065162
G	1331	10	175440301
G	1332	11	1833510805
G	1333	10	494276901
G	1334	11	1352619592
G	1335	10	451215693
G	1336	10	873616858
G	1337	10	633922049
G	1338	11	1697345768
G	1339	10	529592510
G	1340	11	1213110410
G	1341	10	960926619
G	1342	11	1483623522
G	1343	10	502246353
G	1344	10	806282955
G	1345	10	554058474
G	1346	11	1698545560
G	1347	10	782018347
G	1348	10	202182683
G	1349	11	2052768678
G	1350	11	1088343536
G	1351	10	171603440
G	1352	11	1701078467
G	1353	10	605967494
G	1354	10	400809032
G	1355	10	111017233
G	1356	10	994897507
G	1357	11	1989377256
G	1358	10	437520238
G	1359	10	333171620
G	1360	11	1916914918
G	1361	11	1028585400
G	1362	10	508611921
G	1363	11	1602942075
G	1364	11	1522862301
G	1365	11	1861231513
G	1366	11	2054157769
G	1367	10	248995512
G	1368	10	347669915
G	1369	11	1604019889
G	1370	10	778588022
G	1371	11	1560780325
G	1372	10	417462860
G	1373	10	114727896
G	1374	11	2063026679
G	1375	11	1223745815
G	1376	10	668786371
G	1377	11	1614088591
G	1378	11	2005764162
G	1379	10	870969054
G	1380	11	1519373621
G	1381	10	946624050
G	1382	11	1042572494
G	1383	11	1072968440
G	1384	11	1552591545
G	1385	11	1443381526
G	1386	11	1183985673
G	1387	10	400005404
G	1388	11	1285275135
G	1389	11	1621505912
G	1390	10	733177024
G	1391	11	1054706405
G	1392	10	502607664
G	1393	11	1241788945
G	1394	10	510164832
G	1395	11	2025469966
G	1396	10	955536811
G	1397	10	416838953
G	1398	10	126981830
G	1399	11	1303206726
G	1400	11	2020858842
G	1401	10	905569852
G	1402	10	716503403
G	1403	10	290838054
G	1404	11	1020297748
G	1405	10	632046434
G	1406	11	1514583869
G	1407	11	1689084119
G	1408	9	98651377
G	1409	11	1372864384
G	1410	10	412569525
G	1411	11	1618024999
G	1412	10	172004786
G	1413	11	1455142019
G	1414	10	543509791
G	1415	11	1724596331
G	1416	10	751039898
G	1417	11	1727495465
G	1418	11	2124601735
G	1419	11	2036315033
G	1420	11	1201517729
G	1421	10	710295111
G	1422	10	943537790
G	1423	11	1704125393
G	1424	11	1952084057
G	1425	11	1453702622
G	1426	11	1582111711
G	1427	10	760137220
G	1428	11	1870541576
G	1429	11	1709093541
G	1430	11	2063343946
G	1431	11	1743916770
G	1432	10	467179745
G	1433	10	632363701
G	1434	11	2034754825
G	1435	11	1487477494
G	1436	11	1264410136
G	1437	11	1401855046
G	1438	11	1029077965
G	1439	11	1363061513
G	1440	10	627235782
G	1441	11	1441647491
G	1442	10	833602864
G	1443	10	799240569
G	1444	10	749305862
G	1445	11	1377112656
G	1446	10	376353252
G	1447	11	1500345760
G	1448	10	957124473
G	1449	10	353471340
G	1450	11	1389177145
G	1451	9	11158554
G	1452	11	1063766451
G	1453	10	185231287
G	1454	11	1715283947
G	1455	10	868366860
G	1456	11	1638933910
G	1457	11	1149912011
G	1458	11	1628504080
G	1459	11	1361991838
G	1460	10	711521904
G	1461	11	1544364378
G	1462	10	958424960
G	1463	11	1178701650
G	1464	9	29244432
G	1465	10	845696137
G	1466	10	518695496
G	1467	11	1293654568
G	1468	10	100067536
G	1469	11	1547773461
G	1470	10	509232433
G	1471	10	727303318
G	1472	10	841937304
G	1473	11	1342835298
G	1474	11	1526543887
G	1475	11	1591243167
G	1476	10	572464306
G	1477	11	1902897140
G	1478	10	944105279
G	1479	11	1529588779
G	1480	10	108884832
G	1481	10	185798777
G	1482	11	1540747333
G	1483	11	1172651283
G	1484	10	371030064
G	1485	11	1108547632
G	1486	11	2041018144
G	1487	11	2009963974
G	1488	10	110975995
G	1489	11	1522038576
G	1490	11	1224472164
G	1491	10	822497900
G	1492	10	918919307
G	1493	9	35413477
G	1494	11	2001199550
G	1495	10	948163739
G	1496	10	881109614
G	1497	10	372411398
G	1498	9	94334659
G	1499	10	981177150
G	1500	11	1920184859
G	1501	10	603567092
G	1502	11	1708480469
G	1503	10	614638516
G	1504	11	1946402390
G	1505	11	1087540708
G	1506	9	58398035
G	1507	10	371383048
G	1508	10	842954200
G	1509	11	1002503314
G	1510	11	1900971827
G	1511	10	951839032
G	1512	11	1188302091
G	1513	11	1294235512
G	1514	11	2124490316
G	1515	11	1559332156
G	1516	10	255299497
G	1517	11	2018024812
G	1518	11	1421812482
G	1519	10	366275492
G	1520	11	1392579740
G	1521	10	498800999
G	1522	11	1188773392
G	1523	10	164015399
G	1524	10	534214476
G	1525	11	1042489294
G	1526	11	1112179138
G	1527	11	1415324090
G	1528	11	1414900692
G	1529	11	1206513797
G	1530	10	249017593
G	1531	11	1187601904
G	1532	11	1810080890
G	1533	11	1957498062
G	1534	11	1802240420
G	1535	11	1608999632
G	1536	10	897555122
G	1537	11	1860638455
G	1538	11	1980382681
G	1539	11	1740509323
G	1540	10	715658121
G	1541	11	1733870860
G	1542	10	544864707
G	1543	11	1903960213
G	1544	10	880622725
G	1545	10	521871375
G	1546	11	1315808721
G	1547	11	1135922222
G	1548	10	392412539
G	1549	10	590137555
G	1550	11	1502197714
G	1551	11	1784992280
G	1552	11	1088938554
G	1553	10	543487459
G	1554	11	1949007679
G	1555	11	1623153030
G	1556	11	1585976753
G	1557	10	913703170
G	1558	10	890993473
G	1559	10	853393798
G	1560	11	2120216967
G	1561	11	1140011066
G	1562	11	2040995702
G	1563	11	1782814209
G	1564	10	950025480
G	1565	11	1695752474
G	1566	11	1244330194
G	1567	11	1847580602
G	1568	11	1408907281
G	1569	11	1077229227
G	1570	11	1440606277
G	1571	11	2124565402
G	1572	10	663616439
G	1573	11	1985470985
G	1574	11	1881041967
G	1575	11	1544239164
G	1576	10	359858712
G	1577	11	1049367040
G	1578	10	532677738
G	1579	10	752271252
G	1580	11	1639504596
G	1581	11	2034875453
G	1582	10	389779884
G	1583	10	580959502
G	1584	10	430879264
G	1585	10	191303915
G	1586	9	56628885
G	1587	11	2016856017
G	1588	11	1105007085
G	1589	10	947622358
G	1590	10	722766167
G	1591	11	1077740405
G	1592	11	2087633424
G	1593	10	616278221
G	1594	10	713070966
G	1595	10	890175256
G	1596	10	164547047
G	1597	11	1957401160
G	1598	10	590272210
G	1599	11	1573454328
G	1600	10	887146739
G	1601	11	2030878488
G	1602	11	1550536083
G	1603	11	1550763179
G	1604	11	1868865825
G	1605	11	1284094402
G	1606	10	947518695
G	1607	9	81240889
G	1608	10	185977795
G	1609	11	1480196434
G	1610	10	833512141
G	1611	11	1825482391
G	1612	11	1367588239
G	1613	11	1223292025
G	1614	10	258958245
G	1615	11	1798467503
G	1616	11	1414595941
G	1617	10	315587130
G	1618	11	1667839872
G	1619	10	372119378
G	1620	11	1263209488
G	1621	10	243122392
G	1622	11	1449859783
G	1623	11	1203359264
G	1624	10	859400613
G	1625	9	15447102
G	1626	11	2093534520
G	1627	11	1023947661
G	1628	11	1972848262
G	1629	10	536323083
G	1630	10	449918341
G	1631	10	712511354
G	1632	10	419717923
G	1633	11	2000454424
G	1634	10	115790885
G	1635	10	141100100
G	1636	11	1137065179
G	1637	11	1063309580
G	1638	10	222340989
G	1639	11	1323042974
G	1640	10	396022366
G	1641	11	1055853131
G	1642	11	1001041717
G	1643	11	1763610605
G	1644	10	131661508
G	1645	11	1259999962
G	1646	11	1414594460
G	1647	11	1546257449
G	1648	11	1575587093
G	1649	10	934950685
G	1650	11	1918376828
G	1651	10	691312933
G	1652	11	1178073077
G	1653	11	1220752963
G	1654	11	1894672198
G	1655	11	2037473690
G	1656	11	1236200065
G	1657	11	1840723070
G	1658	10	913937703
G	1659	11	1061564680
G	1660	10	229562505
G	1661	11	1363856045
G	1662	11	1774076034
G	1663	10	649280428
G	1664	11	1216826821
G	1665	11	1889866919
G	1666	10	790380528
G	1667	10	206408352
G	1668	10	805692851
G	1669	11	1012721518
G	1670	11	1529451326
G	1671	11	1201715218
G	1672	11	2068574649
G	1673	10	383009395
G	1674	10	817842175
G	1675	9	52752509
G	1676	11	1643009358
G	1677	9	84952988
G	1678	11	1599009959
G	1679	11	1071112803
G	1680	11	1019903673
G	1681	11	1369903139
G	1682	11	1762425736
G	1683	9	50493102
G	1684	10	443172454
G	1685	11	1509614286
G	1686	11	2087966792
G	1687	11	1679372520
G	1688	11	1202853709
G	1689	10	854420848
G	1690	10	593453552
G	1691	11	1432416214
G	1692	9	70793245
G	1693	10	220045938
G	1694	11	2081696643
G	1695	11	1287620066
G	1696	11	2109912857
G	1697	10	724593523
G	1698	11	1494028419
G	1699	10	768122060
G	1700	11	1737315041
G	1701	10	875996097
G	1702	11	1969837278
G	1703	11	1658406042
G	1704	11	1259005493
G	1705	10	640195806
G	1706	11	1711158552
G	1707	10	754531203
G	1708	10	725148794
G	1709	11	1162684863
G	1710	11	1825644006
G	1711	11	1745052467
G	1712	10	385104354
G	1713	11	1440586094
G	1714	11	1795545569
G	1715	10	828276808
G	1716	10	802716733
G	1717	11	1736028713
G	1718	10	360165680
G	1719	11	2005570442
G	1720	10	442965913
G	1721	10	953619232
G	1722	11	1290503008
G	1723	10	513759158
G	1724	11	1173665170
G	1725	11	1224716003
G	1726	11	1801379225
G	1727	11	1136094379
G	1728	11	1949309527
G	1729	11	1147923996
G	1730	11	1904216440
G	1731	11	1539140920
G	1732	11	2023920093
G	1733	11	1726570070
G	1734	11	1050063315
G	1735	11	1135441938
G	1736	10	219282228
G	1737	10	613738219
G	1738	11	1889973141
G	1739	10	944431022
G	1740	11	1776423082
G	1741	11	1568133499
G	1742	10	541999841
G	1743	9	14043788
G	1744	10	861235946
G	1745	10	190061762
G	1746	10	842320596
G	1747	11	1663952679
G	1748	11	1926090476
G	1749	11	1202486277
G	1750	11	1522039473
G	1751	10	221572741
G	1752	8	8621861
G	1753	10	665058833
G	1754	10	735331900
G	1755	11	1182287032
G	1756	11	1889774837
G	1757	10	389227477
G	1758	10	170897763
G	1759	11	1691600716
G	1760	11	1537151473
G	1761	11	2075114203
G	1762	11	1083257988
G	1763	11	1413587918
G	1764	11	1654200626
G	1765	11	2133321303
G	1766	10	401546209
G	1767	11	1873482854
G	1768	10	599575874
G	1769	10	144035702
G	1770	10	670430229
G	1771	10	228515308
G	1772	11	1712169202
G	1773	11	1212430070
G	1774	10	242559096
G	1775	10	425921500
G	1776	11	1402491833
G	1777	11	1084879693
G	1778	11	2089874179
G	1779	11	1181098661
G	1780	10	139882322
G	1781	11	1464430004
G	1782	11	1402671402
G	1783	10	148504183
G	1784	11	2129488837
G	1785	11	2138003302
G	1786	11	1330791215
G	1787	11	1871780026
G	1788	10	379747131
G	1789	11	1501688979
G	1790	11	1415897094
G	1791	11	1916898604
G	1792	11	1429319534
G	1793	10	351671435
G	1794	11	1183002875
G	1795	10	936036512
G	1796	10	337509090
G	1797	11	1584549084
G	1798	10	662035719
G	1799	10	937084965
G	1800	11	1728584786
G	1801	11	1332465948
G	1802	11	1165600273
G	1803	11	1293270340
G	1804	10	397412370
G	1805	11	1408159370
G	1806	11	1719191840
G	1807	11	1799904203
G	1808	10	345555415
G	1809	11	1661582371
G	1810	10	833519216
G	1811	10	485437737
G	1812	10	978528727
G	1813	9	88706971
G	1814	10	633941920
G	1815	10	960533917
G	1816	9	79226625
G	1817	11	1964733136
G	1818	10	684830295
G	1819	10	458973757
G	1820	11	1318938467
G	1821	11	2100727390
G	1822	10	228388713
G	1823	10	600774353
G	1824	10	304915177
G	1825	11	1411391588
G	1826	11	1536810866
G	1827	10	642424267
G	1828	10	848457024
G	1829	9	51362937
G	1830	11	1579509232
G	1831	10	429558163
G	1832	11	1383828885
G	1833	10	597625858
G	1834	11	1722828503
G	1835	11	1781241255
G	1836	11	2005785228
G	1837	11	1294536696
G	1838	11	1433661811
G	1839	10	203856995
G	1840	10	808635419
G	1841	10	119697379
G	1842	10	689294732
G	1843	11	1787164147
G	1844	10	208404350
G	1845	11	1323236652
G	1846	10	600214416
G	1847	10	287630976
G	1848	11	1140486140
G	1849	11	1285044711
G	1850	10	746604733
G	1851	10	311940959
G	1852	11	1238288453
G	1853	10	974993446
G	1854	10	912715313
G	1855	11	1543203630
G	1856	10	238901387
G	1857	10	302042531
G	1858	9	38144250
G	1859	11	1087358411
G	1860	10	353405468
G	1861	11	1617653482
G	1862	11	1516916574
G	1863	11	1737234353
G	1864	9	67795692
G	1865	11	1092261430
G	1866	11	1370991960
G	1867	11	2073580920
G	1868	10	239314478
G	1869	10	657170123
G	1870	10	129954267
G	1871	11	1047949897
G	1872	10	776867503
G	1873	10	819248999
G	1874	10	687630396
G	1875	10	985271853
G	1876	11	2142485652
G	1877	11	1287844812
G	1878	11	1272902829
G	1879	11	1135488144
G	1880	10	425405876
G	1881	11	2019507562
G	1882	11	1447429104
G	1883	11	1663694329
G	1884	10	847017361
G	1885	10	212660769
G	1886	11	1059414312
G	1887	11	1085918748
G	1888	10	514703300
G	1889	11	1097558562
G	1890	9	25793511
G	1891	10	868108768
G	1892	10	567728396
G	1893	11	1542710086
G	1894	10	457859473
G	1895	10	635524089
G	1896	10	487487868
G	1897	11	1828851433
G	1898	10	561621361
G	1899	10	726802346
G	1900	10	338537909
G	1901	10	691575629
G	1902	11	1774752243
G	1903	11	1115405412
G	1904	11	1510824628
G	1905	10	314898992
G	1906	11	2100677265
G	1907	11	1505826632
G	1908	11	1602743804
G	1909	11	1226096447
G	1910	10	493831129
G	1911	11	2028149680
G	1912	11	1098120361
G	1913	11	1941260233
G	1914	11	1544360362
G	1915	11	1945137722
G	1916	8	6437354
G	1917	10	456291026
G	1918	10	883572822
G	1919	10	521140654
G	1920	11	1553849588
G	1921	10	909366334
G	1922	11	1389249422
G	1923	11	2121577984
G	1924	10	304592772
G	1925	11	1847108895
G	1926	10	609618425
G	1927	10	792080640
G	1928	11	1528476680
G	1929	11	1171239787
G	1930	11	1518882986
G	1931	11	1867014589
G	1932	11	1862815416
G	1933	11	1146151581
G	1934	10	834936353
G	1935	11	1226156396
G	1936	11	1461050573
G	1937	10	788129971
G	1938	10	584499381
G	1939	10	916310730
G	1940	11	2014226418
G	1941	11	1078330510
G	1942	10	796976762
G	1943	10	964863131
G	1944	10	872107095
G	1945	10	193853476
G	1946	10	762517206
G	1947	10	878544449
G	1948	10	650144502
G	1949	11	1646090028
G	1950	11	1399685103
G	1951	9	56510442
G	1952	10	407972714
G	1953	10	641450877
G	1954	9	30604779
G	1955	10	712565486
G	1956	10	341076124
G	1957	10	640223204
G	1958	11	1504646126
G	1959	11	1869552804
G	1960	11	1811462991
G	1961	10	876045464
G	1962	11	1589083746
G	1963	11	1526794759
G	1964	11	2022197046
G	1965	10	276536451
G	1966	10	605467508
G	1967	11	1335763971
G	1968	11	1064666422
G	1969	11	1189966889
G	1970	10	104591053
G	1971	10	931409192
G	1972	10	120813751
G	1973	10	901567816
G	1974	11	1896272324
G	1975	10	992920846
G	1976	11	1095421292
G	1977	10	511305882
G	1978	11	1871465295
G	1979	11	1745565795
G	1980	8	9912262
G	1981	11	1123666750
G	1982	11	1802076237
G	1983	10	417884977
G	1984	11	1765117627
G	1985	11	1832681016
G	1986	11	1130450463
G	1987	11	2106193751
G	1988	10	325420573
G	1989	10	487612942
G	1990	11	1828262907
G	1991	11	2136883564
G	1992	11	1363658406
G	1993	11	1269863005
G	1994	11	1516194676
G	1995	11	1238371804
G	1996	11	1546399457
G	1997	11	2121662184
G	1998	10	426652128
G	1999	10	463582231
G	2000	11	1164145425
G	2001	10	531243181
G	2002	11	1394991424
G	2003	11	1284959176
G	2004	11	1432810997
G	2005	11	1143780100
G	2006	10	130396374
G	2007	10	380748642
G	2008	11	1655085982
G	2009	11	2001861669
G	2010	11	2126314437
G	2011	11	1664998244
G	2012	10	978044771
G	2013	11	1780907026
G	2014	11	2082883221
G	2015	10	595678750
G	2016	11	1466104395
G	2017	11	1065850037
G	2018	10	554388853
G	2019	11	1791524968
G	2020	11	1553462979
G	2021	10	235168112
G	2022	11	1780924884
G	2023	10	769637737
G	2024	11	1505031118
G	2025	11	1149635912
G	2026	11	2008009542
G	2027	10	903946927
G	2028	11	1123814448
G	2029	10	287178022
G	2030	11	1367529158
G	2031	10	140476225
G	2032	10	818421203
G	2033	10	615036934
G	2034	11	1425435401
G	2035	10	103748553
G	2036	11	1758817034
G	2037	11	1555831775
G	2038	10	484497195
G	2039	11	1266419368
G	2040	11	1410209796
G	2041	10	463327984
G	2042	10	783933965
G	2043	10	240770919
G	2044	9	96751362
G	2045	10	719333538
G	2046	10	836449669
G	2047	11	1562855757
G	2048	11	1785183575
G	2049	11	1390838522
G	2050	11	1206897077
G	2051	11	1191162906
G	2052	11	1626006635
G	2053	10	840338314
G	2054	11	1960800644
G	2055	10	983554105
G	2056	11	1989974226
G	2057	11	1821326538
G	2058	11	1887501032
G	2059	10	966305027
G	2060	11	2108504560
G	2061	11	1107546542
G	2062	11	1106781252
G	2063	10	779442115
G	2064	11	1722583477
G	2065	10	384733006
G	2066	10	883190668
G	2067	11	1333916863
G	2068	11	1940564781
G	2069	11	1367687863
G	2070	10	452852584
G	2071	11	1203290930
G	2072	11	1831015847
G	2073	11	1236786549
G	2074	11	1444061849
G	2075	11	1927767210
G	2076	11	1956120087
G	2077	10	133027871
G	2078	11	1343139319
G	2079	11	1593820015
G	2080	11	1523866393
G	2081	10	402552749
G	2082	10	637499273
G	2083	11	1002389380
G	2084	11	1242891063
G	2085	10	450816269
G	2086	11	1985943485
G	2087	11	1085381641
G	2088	10	124659159
G	2089	11	1725960869
G	2090	11	2051686668
G	2091	9	85680071
G	2092	10	686023764
G	2093	11	1010984273
G	2094	10	865122187
G	2095	10	261123593
G	2096	11	1395717279
G	2097	11	1748312855
G	2098	11	1595040456
G	2099	11	1188798412
G	2100	10	968517071
G	2101	11	2047893040
G	2102	10	244605694
G	2103	10	652049270
G	2104	11	1137195941
G	2105	11	1688667544
G	2106	10	432332832
G	2107	10	945832381
G	2108	11	1821695415
G	2109	11	1775472152
G	2110	10	392168748
G	2111	11	1198078160
G	2112	9	30541253
G	2113	11	1029668021
G	2114	9	52983893
G	2115	11	1273432316
G	2116	11	1480484291
G	2117	11	2038927378
G	2118	10	211330309
G	2119	11	1605143450
G	2120	11	1617404600
G	2121	10	115533330
G	2122	11	1690823522
G	2123	10	155944716
G	2124	11	1126517603
G	2125	10	408462061
G	2126	10	417068309
G	2127	10	374751234
G	2128	8	9291268
G	2129	11	2012108765
G	2130	11	1563549646
G	2131	10	977808339
G	2132	11	1912518158
G	2133	11	1808155341
G	2134	11	1629857610
G	2135	10	902230451
G	2136	11	1349339237
G	2137	11	2062190442
G	2138	11	1848062832
G	2139	11	1023551004
G	2140	11	1690178946
G	2141	9	92747932
G	2142	9	74145516
G	2143	11	1720720199
G	2144	11	1122415954
G	2145	10	127129409
G	2146	10	846668867
G	2147	10	455416597
G	2148	9	18573140
G	2149	11	1057999177
G	2150	11	2060560047
G	2151	11	1635977740
G	2152	11	1173532507
G	2153	11	1603899921
G	2154	11	1791922456
G	2155	10	152566462
G	2156	11	2012361982
G	2157	9	61507117
G	2158	10	527317696
G	2159	11	2021653251
G	2160	11	2073615882
G	2161	11	2090867342
G	2162	10	851977942
G	2163	11	1838650392
G	2164	11	1751539035
G	2165	10	334351904
G	2166	10	593397196
G	2167	10	953394624
G	2168	10	249058699
G	2169	10	293976380
G	2170	11	1976945628
G	2171	11	1939237645
G	2172	10	386724313
G	2173	11	2051091145
G	2174	11	1512474197
G	2175	11	1509140267
G	2176	9	30736906
G	2177	10	211659416
G	2178	11	1964556864
G	2179	9	49310046
G	2180	11	1269658593
G	2181	11	1877633263
G	2182	11	1685287786
G	2183	10	295707452
G	2184	11	1334049537
G	2185	11	1329726594
G	2186	10	448273914
G	2187	11	1198927871
G	2188	11	1391233711
G	2189	10	975591610
G	2190	11	1073097474
G	2191	11	1317365946
G	2192	10	918975305
G	2193	11	1925075417
G	2194	11	1008532690
G	2195	10	523030692
G	2196	10	111943673
G	2197	11	1601929886
G	2198	11	1476425317
G	2199	10	361002372
G	2200	11	1895906267
G	2201	11	1305887297
G	2202	10	152756370
G	2203	10	135146932
G	2204	11	1209494794
G	2205	11	1665230567
G	2206	11	1644287199
G	2207	11	1240231701
G	2208	11	1876889983
G	2209	11	1461360415
G	2210	11	1289541747
G	2211	10	999064929
G	2212	11	1191510030
G	2213	10	827345886
G	2214	11	1294772381
G	2215	10	378075919
G	2216	8	9588832
G	2217	11	1743046296
G	2218	11	1577003791
G	2219	11	1400822544
G	2220	10	571154258
G	2221	10	502617617
G	2222	10	570704842
G	2223	11	1490129563
G	2224	10	280209386
G	2225	11	1579237532
G	2226	11	2013160256
G	2227	10	392153060
G	2228	11	1033683771
G	2229	11	1342101925
G	2230	10	753155432
G	2231	10	782106390
G	2232	10	500505574
G	2233	10	905911802
G	2234	10	917253322
G	2235	11	1710000369
G	2236	10	423658721
G	2237	10	414056873
G	2238	10	802748422
G	2239	10	153065057
G	2240	11	1875417288
G	2241	11	2092290169
G	2242	11	1152129986
G	2243	10	919443670
G	2244	10	772152407
G	2245	10	299418719
G	2246	11	1297519590
G	2247	10	781741240
G	2248	11	2042465015
G	2249	10	727039733
G	2250	9	35080136
G	2251	10	466135626
G	2252	11	1229657350
G	2253	10	605784978
G	2254	11	1956265189
G	2255	11	1509866737
G	2256	9	37538862
G	2257	11	1821941797
G	2258	11	1902019797
G	2259	11	1071222633
G	2260	11	1016560074
G	2261	10	507691581
G	2262	11	1853329023
G	2263	11	1517065649
G	2264	11	1413603384
G	2265	10	623098697
G	2266	11	1079582370
G	2267	11	1837262105
G	2268	11	1037155570
G	2269	11	1882330792
G	2270	11	1990327162
G	2271	10	765089210
G	2272	11	1827137313
G	2273	10	994973500
G	2274	11	1684532881
G	2275	10	451806073
G	2276	11	1294392220
G	2277	10	834568823
G	2278	11	1233547313
G	2279	11	1189373587
G	2280	11	1561608556
G	2281	11	1268627449
G	2282	11	1655509213
G	2283	10	643782258
G	2284	11	1874412427
G	2285	11	1464290755
G	2286	8	6165347
G	2287	11	1911951289
G	2288	11	1138748904
G	2289	11	1908185144
G	2290	10	835690275
G	2291	8	7825331
G	2292	10	268393078
G	2293	10	541535650
G	2294	11	1524890980
G	2295	11	1681996462
G	2296	11	1164634348
G	2297	10	456989702
G	2298	11	1371774919
G	2299	9	54306270
G	2300	10	191836846
G	2301	11	1214618434
G	2302	10	819395481
G	2303	11	2018974159
G	2304	9	62108286
G	2305	10	356444714
G	2306	10	323296584
G	2307	11	1356500506
G	2308	11	1191013537
G	2309	11	1556843897
G	2310	10	398390446
G	2311	10	605138445
G	2312	10	677987698
G	2313	11	2053899659
